44 1
41 1
192 1
17 1
66 1
143 1
166 1
181 1
143 1
139 1
137 1
197 1
192 1
41 1
4 1
192 1
197 1
164 1
83 1
184 1
176 1
0 1
30 1
35 1
66 1
79 1
155 1
176 1
195 1
170 1
198 1
43 1
29 1
80 1
54 1
188 1
3 1
50 1
140 1
7 1
9 1
11 1
49 1
59 1
60 1
63 1
64 1
72 1
76 1
80 1
82 1
85 1
89 1
92 1
93 1
106 1
107 1
108 1
144 1
145 1
154 1
156 1
157 1
160 1
165 1
169 1
171 1
179 1
182 1
183 1
32 1
48 1
51 1
58 1
142 1
149 1
151 1
170 1
180 1
191 1
119 1
81 1
158 1
163 1
168 1
110 1
39 1
174 1
3 1
37 1
39 1
50 1
112 1
140 1
46 1
126 1
134 1
198 1
196 1
35 1
41 1
79 1
5 1
17 1
18 1
28 1
31 1
52 1
55 1
77 1
120 1
145 1
153 1
172 1
177 1
199 1
19 1
24 1
42 1
45 1
56 1
190 1
1 1
9 1
38 1
68 1
144 1
136 1
46 1
112 1
164 1
128 1
155 1
146 1
27 1
97 1
98 1
173 1
186 1
141 1
72 1
176 1
167 1
40 1
187 1
45 1
155 1
158 1
160 1
168 1
169 1
171 1
188 1
31 1
26 1
103 1
122 1
4 1
118 1
32 1
132 1
52 1
86 1
94 1
135 1
147 1
128 1
49 1
75 1
78 1
156 1
189 1
165 1
83 1
174 1
153 1
195 1
102 1
123 1
175 1
40 1
27 1
141 1
20 1
22 1
39 1
79 1
146 1
13 1
95 1
178 1
185 1
8 1
69 1
71 1
74 1
117 1
187 1
173 1
33 1
18 1
36 1
83 1
93 1
105 1
172 1
60 1
124 1
194 1
132 1
138 1
1 1
9 1
62 1
106 1
45 1
151 1
64 1
198 1
191 1
144 1
156 1
180 1
92 1
117 1
16 1
166 1
65 1
63 1
74 1
112 1
30 1
91 1
184 1
30 1
101 1
16 1
116 1
95 1
127 1
49 1
96 1
127 1
19 1
85 1
93 1
160 1
165 1
105 1
115 1
130 1
159 1
9 1
45 1
60 1
61 1
76 1
78 1
80 1
81 1
87 1
100 1
128 1
145 1
156 1
157 1
163 1
172 1
183 1
68 1
78 1
98 1
121 1
136 1
122 1
124 1
119 1
181 1
4 1
92 1
19 1
21 1
48 1
75 1
101 1
121 1
153 1
148 1
52 1
73 1
103 1
172 1
33 1
113 1
150 1
174 1
125 1
103 1
2 1
67 1
130 1
166 1
193 1
56 1
88 1
129 1
141 1
167 1
168 1
136 1
40 1
47 1
67 1
73 1
116 1
137 1
154 1
163 1
172 1
179 1
102 1
131 1
128 1
198 1
24 1
70 1
87 1
55 1
7 1
13 1
96 1
148 1
164 1
168 1
121 1
5 1
2 1
9 1
18 1
111 1
115 1
153 1
155 1
99 1
10 1
29 1
31 1
73 1
120 1
138 1
132 1
174 1
119 1
117 1
85 1
62 1
173 1
186 1
199 1
112 1
68 1
90 1
35 1
51 1
2 1
54 1
106 1
171 1
123 1
138 1
12 1
13 1
51 1
53 1
59 1
63 1
64 1
68 1
70 1
79 1
90 1
104 1
106 1
108 1
113 1
143 1
150 1
158 1
170 1
184 1
199 1
24 1
95 1
131 1
133 1
134 1
173 1
23 1
43 1
10 1
92 1
93 1
136 1
163 1
179 1
26 1
57 1
92 1
97 1
117 1
155 1
159 1
190 1
159 1
125 1
69 1
100 1
157 1
28 1
55 1
89 1
96 1
100 1
142 1
0 1
5 1
25 1
29 1
35 1
66 1
79 1
105 1
110 1
122 1
125 1
126 1
161 1
167 1
175 1
52 1
7 1
11 1
17 1
28 1
62 1
65 1
76 1
80 1
87 1
96 1
99 1
100 1
106 1
113 1
128 1
154 1
157 1
158 1
161 1
163 1
164 1
168 1
176 1
177 1
183 1
196 1
199 1
173 1
123 1
7 1
10 1
17 1
25 1
29 1
36 1
58 1
60 1
67 1
77 1
91 1
99 1
103 1
105 1
112 1
157 1
162 1
182 1
4 1
188 1
37 1
94 1
152 1
119 1
86 1
188 1
74 1
75 1
100 1
38 1
46 1
84 1
154 1
104 1
196 1
35 1
85 1
91 1
96 1
177 1
78 1
94 1
98 1
86 1
93 1
111 1
118 1
179 1
167 1
131 1
122 1
63 1
166 1
0 1
54 1
150 1
31 1
38 1
97 1
153 1
155 1
159 1
161 1
14 1
1 1
106 1
160 1
1 1
42 1
74 1
150 1
170 1
90 1
53 1
25 1
186 1
199 1
107 1
63 1
64 1
72 1
89 1
107 1
108 1
122 1
124 1
13 1
21 1
149 1
151 1
180 1
69 1
27 1
4 1
16 1
21 1
23 1
28 1
32 1
34 1
43 1
44 1
47 1
48 1
58 1
62 1
66 1
79 1
89 1
96 1
100 1
101 1
102 1
114 2
125 1
127 1
130 1
132 1
138 1
139 1
142 1
149 1
151 1
164 1
170 1
180 1
191 1
193 1
197 1
183 1
74 1
105 1
30 1
23 1
69 1
9 1
45 1
134 1
57 1
169 1
188 1
61 1
84 1
134 1
136 1
194 1
27 1
39 1
181 1
100 1
146 1
137 1
24 1
42 1
69 1
71 1
59 1
60 1
61 1
81 1
111 1
172 1
102 1
114 1
53 1
149 1
79 1
101 1
122 1
104 1
53 1
58 1
109 1
30 1
98 1
7 1
186 1
21 1
45 1
56 1
73 1
88 1
97 1
104 1
198 1
124 1
117 1
155 1
6 1
42 1
12 1
5 1
37 1
116 1
135 1
6 1
61 1
135 1
36 1
172 1
83 1
93 1
130 1
164 1
189 1
8 1
14 1
87 1
115 1
150 1
169 1
171 1
90 1
178 1
7 1
12 1
18 1
45 1
92 1
111 1
164 1
183 1
137 1
37 1
52 1
90 1
116 1
129 1
35 1
174 1
114 1
132 1
44 1
0 1
9 1
12 1
20 1
33 1
35 1
39 1
102 1
129 1
146 1
167 1
173 1
175 1
181 1
187 1
198 1
15 1
41 1
192 1
14 1
149 1
131 1
25 1
59 1
109 1
182 1
156 1
160 1
171 1
189 1
38 1
115 1
163 1
2 1
9 1
197 1
47 1
66 1
113 1
80 1
47 1
56 1
143 1
175 1
185 1
195 1
177 1
47 1
136 1
179 1
54 1
56 1
148 1
193 1
17 1
84 1
84 1
51 1
0 1
94 1
114 1
150 1
153 1
185 1
180 1
130 1
152 1
72 1
33 1
129 1
130 1
42 1
187 1
10 1
142 1
168 1
120 1
192 1
15 1
22 1
56 1
81 1
84 1
155 1
158 1
160 1
163 1
168 1
181 1
23 1
57 1
65 1
178 1
82 1
8 1
16 1
17 1
24 1
40 1
153 1
164 1
176 1
10 1
12 1
19 1
24 1
25 1
33 1
40 1
47 1
68 1
70 1
75 1
87 1
91 1
94 1
98 1
109 1
111 1
112 1
116 1
121 1
126 1
141 1
148 1
159 1
173 1
185 1
186 1
161 1
28 1
51 1
109 1
23 1
69 1
91 1
156 1
88 1
87 1
70 1
175 1
109 1
10 1
52 1
38 1
94 1
138 1
99 1
128 1
194 1
103 1
65 1
71 1
98 1
19 1
58 1
69 1
33 1
34 1
89 1
8 1
26 1
38 1
82 1
102 1
145 1
165 1
186 1
190 1
135 1
1 1
85 1
160 1
165 1
31 1
95 1
71 1
133 1
134 1
46 1
154 1
85 1
75 1
162 1
67 1
152 1
89 1
181 1
59 1
89 1
124 1
152 1
110 1
142 1
44 1
66 1
196 1
14 1
18 1
22 1
118 1
14 1
88 1
1 1
5 1
11 1
19 1
21 1
24 1
28 1
32 1
36 1
40 1
44 1
46 1
62 1
66 1
72 1
107 1
109 1
125 1
119 1
197 1
133 1
144 1
135 1
139 1
182 1
66 1
73 1
154 1
118 1
120 1
44 1
66 1
90 1
103 1
194 1
196 1
72 1
36 1
51 1
5 1
34 1
110 1
116 1
173 1
151 1
27 1
11 1
49 1
108 1
133 1
5 1
101 1
141 1
25 1
193 1
79 1
110 1
46 1
57 1
53 1
141 1
8 1
13 1
21 1
38 1
48 1
82 1
88 1
107 1
108 1
151 1
170 1
191 1
55 1
17 1
161 1
127 1
137 1
143 1
177 1
34 1
90 1
105 1
139 1
149 1
195 1
55 1
64 1
80 1
88 1
145 1
180 1
193 1
185 1
178 1
189 1
70 1
43 1
47 1
85 1
185 1
162 1
195 1
191 1
37 1
183 1
121 1
20 1
84 1
11 1
8 1
0 1
1 1
2 1
5 1
8 1
10 1
11 1
18 2
19 1
24 1
25 1
28 1
29 1
31 1
34 1
36 1
40 1
42 1
45 1
47 1
49 1
53 1
54 1
55 1
56 1
59 1
60 1
61 1
62 1
65 1
67 1
68 1
70 1
71 1
73 1
74 1
75 1
76 1
77 1
78 1
80 1
81 1
83 1
87 1
91 1
93 1
94 1
95 1
96 1
98 1
99 1
100 1
102 1
104 1
106 1
111 1
113 1
117 1
120 1
121 1
127 1
131 1
139 1
144 1
145 1
148 1
152 1
155 1
156 1
157 1
158 1
159 1
160 1
161 1
162 1
165 1
169 1
171 1
172 1
177 1
178 1
179 1
181 1
182 1
183 1
184 1
189 1
190 1
193 1
195 1
196 1
199 1
15 1
41 1
192 1
167 1
105 1
2 1
83 1
127 1
130 1
178 1
189 1
6 1
16 1
26 1
77 1
161 1
35 1
162 1
190 1
95 1
142 1
3 1
50 1
140 1
165 1
197 1
138 1
1 1
37 1
64 1
82 1
171 1
13 1
14 1
28 1
88 1
104 1
185 1
77 1
116 1
195 1
31 1
82 1
63 1
81 1
193 1
147 1
0 1
15 1
22 2
29 1
34 1
79 1
133 1
146 1
147 1
167 1
174 1
175 1
181 1
187 1
188 1
143 1
25 1
34 1
103 1
125 1
133 1
135 1
21 1
48 1
170 1
125 1
4 1
6 1
16 1
29 1
34 1
54 1
55 1
56 1
61 1
90 1
99 1
110 1
119 1
128 1
136 1
137 1
150 1
152 1
173 1
184 1
197 1
198 1
37 1
53 1
71 1
141 1
110 1
15 1
41 1
52 1
176 1
192 1
107 1
4 1
21 1
32 1
43 1
48 1
58 1
126 1
149 1
151 1
180 1
191 1
78 1
26 1
52 1
86 1
112 1
115 1
133 1
137 1
145 1
129 1
56 1
126 1
23 1
116 1
13 1
24 1
49 1
52 1
78 1
79 1
86 1
96 1
104 1
117 1
141 1
148 1
160 1
175 1
185 1
191 1
193 1
60 1
3 1
50 1
140 1
4 1
7 1
10 1
11 1
18 1
23 1
25 1
31 1
40 1
43 1
44 1
49 1
54 1
55 1
59 1
62 1
65 1
66 1
67 1
69 1
70 1
74 1
76 1
77 1
80 1
81 1
87 1
91 1
93 1
94 1
96 1
99 1
101 1
106 1
109 1
113 1
119 1
121 1
127 1
128 1
136 1
139 1
143 1
148 1
152 1
157 1
158 1
162 1
163 1
169 1
177 1
178 1
179 1
183 1
186 1
195 1
196 1
199 1
194 1
32 1
170 1
62 1
115 1
152 1
184 1
122 1
124 1
175 1
147 1
6 1
16 1
26 1
77 1
161 1
194 1
12 1
113 1
16 1
77 1
76 1
108 1
166 1
37 1
57 1
111 1
114 1
199 1
5 1
6 1
7 1
15 1
16 1
29 1
143 1
144 1
159 1
198 1
36 1
67 1
150 1
182 1
78 1
120 1
148 1
39 1
184 1
61 1
79 1
188 1
4 1
2 1
178 1
100 1
115 1
157 1
162 1
190 1
12 1
68 1
70 1
75 1
177 1
127 1
33 1
185 1
125 1
37 1
150 1
146 1
137 1
143 1
114 1
153 1
27 1
197 1
107 1
