europ,0.6882461389442457,1.4771212547196624,0.06134980786395287
163,0.06236962573929547
europ,0.6882461389442457,1.4771212547196624,0.0531504164542406
176,0.05403393584361079
europ,0.6882461389442457,1.4771212547196624,0.05311144007922945
151,0.05399431156430562
europ,0.6882461389442457,1.4771212547196624,0.05216889966441367
169,0.05303610329987907
europ,0.6882461389442457,1.3010299956639813,0.05861094054232938
182,0.05248192832781804
europ,0.6882461389442457,1.0,0.07237258928499715
179,0.04981015514079698
europ,0.6882461389442457,1.3010299956639813,0.0554160330806864
173,0.049621115945958
europ,0.6882461389442457,1.4771212547196624,0.04854673958233221
129,0.04935373204961839
europ,0.6882461389442457,1.3010299956639813,0.054869958508105984
80,0.04913214500785966
europ,0.6882461389442457,1.0,0.07007350005843963
167,0.04822781585753044
