crisi,0.6108339156354675,1.6989700043360187,0.05506408448699794
debt,0.48148606012211254,1.6020599913279625,0.05506408448699794
198,0.09961963191373804
crisi,0.6108339156354675,1.4771212547196624,0.051123318472487404
debt,0.48148606012211254,1.6020599913279625,0.051123318472487404
112,0.08556230235632879
crisi,0.6108339156354675,1.3010299956639813,0.04934376548693701
debt,0.48148606012211254,1.9030899869919435,0.04934376548693701
124,0.08442839396514625
crisi,0.6108339156354675,1.0,0.06058839107247111
debt,0.48148606012211254,1.4771212547196624,0.06058839107247111
178,0.08010071330868218
crisi,0.6108339156354675,1.0,0.07237258928499715
debt,0.48148606012211254,1.0,0.07237258928499715
179,0.07905402497330138
crisi,0.6108339156354675,1.0,0.05960847395039426
debt,0.48148606012211254,1.4771212547196624,0.05960847395039426
100,0.07880521661249396
crisi,0.6108339156354675,1.0,0.051146172010948045
debt,0.48148606012211254,1.6989700043360187,0.051146172010948045
123,0.07308093872026936
crisi,0.6108339156354675,1.0,0.05233728120982874
debt,0.48148606012211254,1.6020599913279625,0.05233728120982874
110,0.07234077164307347
crisi,0.6108339156354675,1.3010299956639813,0.056610527442087936
debt,0.48148606012211254,1.0,0.056610527442087936
188,0.07224631587536724
crisi,0.6108339156354675,1.0,0.05170286937569421
debt,0.48148606012211254,1.6020599913279625,0.05170286937569421
130,0.07146388540519663
