ralli,0.494850021680094,1.6989700043360187,0.06195020791911813
stock,0.026872146400301333,1.3010299956639813,0.06195020791911813
196,0.05424959957714799
ralli,0.494850021680094,1.3010299956639813,0.07774170690776537
stock,0.026872146400301333,1.3010299956639813,0.07774170690776537
18,0.05276921962481446
ralli,0.494850021680094,1.9542425094393248,0.05248381561347331
stock,0.026872146400301333,1.3010299956639813,0.05248381561347331
158,0.05258974982227865
ralli,0.494850021680094,1.6989700043360187,0.0568477056841534
stock,0.026872146400301333,1.3010299956639813,0.0568477056841534
190,0.04978135463679622
ralli,0.494850021680094,1.3010299956639813,0.06406878391090454
stock,0.026872146400301333,1.6020599913279625,0.06406878391090454
127,0.04400663807634132
ralli,0.494850021680094,1.3010299956639813,0.060967730308244705
stock,0.026872146400301333,1.6020599913279625,0.060967730308244705
161,0.04187663130522235
ralli,0.494850021680094,1.3010299956639813,0.061077341637464415
stock,0.026872146400301333,1.4771212547196624,0.061077341637464415
171,0.04174686018906533
ralli,0.494850021680094,1.3010299956639813,0.0601759405537191
stock,0.026872146400301333,1.6020599913279625,0.0601759405537191
192,0.04133277822993348
ralli,0.494850021680094,1.6989700043360187,0.04621355168236055
stock,0.026872146400301333,1.7781512503836436,0.04621355168236055
99,0.041061576404967076
ralli,0.494850021680094,1.3010299956639813,0.05814041800360303
stock,0.026872146400301333,1.7781512503836436,0.05814041800360303
194,0.04020976554736248
