futur,0.38195190328790735,1.6989700043360187,0.05861094054232938
higher,0.2924298239020636,1.3010299956639813,0.05861094054232938
stock,0.026872146400301333,1.6020599913279625,0.05861094054232938
182,0.06285645859730814
futur,0.38195190328790735,1.7781512503836436,0.056142431193204445
higher,0.2924298239020636,1.3010299956639813,0.056142431193204445
stock,0.026872146400301333,1.3010299956639813,0.056142431193204445
12,0.06145292666191738
futur,0.38195190328790735,1.6989700043360187,0.06119995753138151
higher,0.2924298239020636,1.0,0.06119995753138151
stock,0.026872146400301333,1.3010299956639813,0.06119995753138151
1,0.0597505050323617
futur,0.38195190328790735,1.4771212547196624,0.05943383095552578
higher,0.2924298239020636,1.3010299956639813,0.05943383095552578
stock,0.026872146400301333,1.0,0.05943383095552578
154,0.05774123827397618
futur,0.38195190328790735,1.6989700043360187,0.05333166108738766
higher,0.2924298239020636,1.3010299956639813,0.05333166108738766
stock,0.026872146400301333,1.6020599913279625,0.05333166108738766
19,0.057194771420602475
futur,0.38195190328790735,1.6020599913279625,0.05233728120982874
higher,0.2924298239020636,1.4771212547196624,0.05233728120982874
stock,0.026872146400301333,1.4771212547196624,0.05233728120982874
110,0.056710458288416594
futur,0.38195190328790735,1.7781512503836436,0.04895751130234568
higher,0.2924298239020636,1.4771212547196624,0.04895751130234568
stock,0.026872146400301333,1.6020599913279625,0.04895751130234568
58,0.05650545499622331
futur,0.38195190328790735,1.6989700043360187,0.05339876639318805
higher,0.2924298239020636,1.3010299956639813,0.05339876639318805
stock,0.026872146400301333,1.0,0.05339876639318805
111,0.056402817895088046
futur,0.38195190328790735,1.0,0.06600691577495815
higher,0.2924298239020636,1.4771212547196624,0.06600691577495815
stock,0.026872146400301333,1.4771212547196624,0.06600691577495815
121,0.05634347890244369
futur,0.38195190328790735,1.7781512503836436,0.05027757902076496
higher,0.2924298239020636,1.3010299956639813,0.05027757902076496
stock,0.026872146400301333,1.0,0.05027757902076496
197,0.054626608376764224
