futur,0.14835139112415302,2.440877901679527,1.0
higher,-0.017287634894161387,4.881755803359054,1.0
120,0.2777136203074366
futur,0.14835139112415302,2.6855022023523203,1.0
higher,-0.017287634894161387,8.05650660705696,1.0
113,0.25912004284074375
higher,-0.017287634894161387,2.6424088839648645,1.0
42,-0.04568100002707304
higher,-0.017287634894161387,2.7254481664739965,1.0
44,-0.047116552824964034
higher,-0.017287634894161387,2.975097789205358,1.0
174,-0.05143240435420894
higher,-0.017287634894161387,3.4768028344881206,1.0
140,-0.06010569800161605
higher,-0.017287634894161387,11.983259831767029,1.0
60,-0.2071622208134582
futur,0.14835139112415302,15.722849702362552,1.0
higher,-0.017287634894161387,5.240949900787518,1.0
stock,-1.1784013415337553,2.620474950393759,1.0
197,-0.8460681996015524
futur,0.14835139112415302,13.600064925235353,1.0
higher,-0.017287634894161387,5.440025970094141,1.0
stock,-1.1784013415337553,2.7200129850470707,1.0
111,-1.281723582316981
futur,0.14835139112415302,5.217081419545634,1.0
stock,-1.1784013415337553,2.608540709772817,1.0
128,-2.299946585644136
