crisi,0.4858074339047551,14.481099268511256,1.0
debt,0.30590063903532216,11.584879414809006,1.0
198,10.578847691892705
crisi,0.4858074339047551,4.9047510330983055,1.0
debt,0.30590063903532216,19.619004132393222,1.0
124,8.384230414666899
crisi,0.4858074339047551,8.033201809750839,1.0
debt,0.30590063903532216,10.710935746334453,1.0
112,7.1790712467040745
crisi,0.4858074339047551,2.6523490463185486,1.0
debt,0.30590063903532216,13.261745231592743,1.0
123,5.345307225079596
debt,0.30590063903532216,16.287671627184018,1.0
122,4.982409159153077
crisi,0.4858074339047551,4.3742711460498,1.0
debt,0.30590063903532216,8.7485422920996,1.0
189,4.801238118446875
crisi,0.4858074339047551,2.714611937864003,1.0
debt,0.30590063903532216,10.858447751456012,1.0
110,4.6403847656829775
crisi,0.4858074339047551,2.635031894285146,1.0
debt,0.30590063903532216,10.540127577140584,1.0
130,4.50434984418098
crisi,0.4858074339047551,3.188870812747132,1.0
debt,0.30590063903532216,9.566612438241396,1.0
100,4.47561000485576
debt,0.30590063903532216,14.305557609469506,1.0
133,4.376079214493338
