europ,0.5847125906811073,9.475755309651426,1.0
163,5.540593435766543
europ,0.5847125906811073,8.40700479437548,1.0
151,4.915681553187776
europ,0.5847125906811073,8.234234498110776,1.0
176,4.814660585666099
europ,0.5847125906811073,8.111732904088145,1.0
169,4.743032361262561
europ,0.5847125906811073,7.550798585950722,1.0
129,4.415047002902488
europ,0.5847125906811073,6.850197139952718,1.0
115,4.005396516378066
europ,0.5847125906811073,6.592649926619892,1.0
164,3.8548054180475284
europ,0.5847125906811073,6.308653705999104,1.0
182,3.6887492521447047
europ,0.5847125906811073,5.91479437950397,1.0
173,3.4584547449858185
europ,0.5847125906811073,5.772786988761609,1.0
80,3.375421235648988
