ralli,0.3255729367415071,23.184369971449257,1.0
stock,-1.1784013415337553,5.152082215877613,1.0
158,1.4769828232239641
ralli,0.3255729367415071,3.4768028344881206,1.0
140,1.1319529092954934
ralli,0.3255729367415071,6.030377680933885,1.0
stock,-1.1784013415337553,3.0151888404669425,1.0
16,-1.589774803341769
ralli,0.3255729367415071,2.4523755165491528,1.0
stock,-1.1784013415337553,2.4523755165491528,1.0
124,-2.0914554997301797
ralli,0.3255729367415071,2.483952401119388,1.0
stock,-1.1784013415337553,2.483952401119388,1.0
103,-2.118385163826522
ralli,0.3255729367415071,2.5602788579302507,1.0
stock,-1.1784013415337553,2.5602788579302507,1.0
39,-2.1834785342319747
ralli,0.3255729367415071,15.265370728380402,1.0
stock,-1.1784013415337553,6.106148291352161,1.0
190,-2.2255017596467876
ralli,0.3255729367415071,2.620474950393759,1.0
stock,-1.1784013415337553,2.620474950393759,1.0
197,-2.234815471742355
ralli,0.3255729367415071,15.522539941523663,1.0
stock,-1.1784013415337553,6.209015976609465,1.0
196,-2.2629938419919133
ralli,0.3255729367415071,2.7200129850470707,1.0
stock,-1.1784013415337553,2.7200129850470707,1.0
111,-2.3197043350518944
